2021/12/27-09:25:39.370089 70000268b000 RocksDB version: 5.5.1
2021/12/27-09:25:39.370188 70000268b000 Git sha rocksdb_build_git_sha:72cf57d4b40e5c809839afc1c62dc13e533b8ec6
2021/12/27-09:25:39.370192 70000268b000 Compile date Jul  5 2017
2021/12/27-09:25:39.370193 70000268b000 DB SUMMARY
2021/12/27-09:25:39.370424 70000268b000 CURRENT file:  CURRENT
2021/12/27-09:25:39.370428 70000268b000 IDENTITY file:  IDENTITY
2021/12/27-09:25:39.370446 70000268b000 MANIFEST file:  MANIFEST-000217 size: 1058 Bytes
2021/12/27-09:25:39.370448 70000268b000 SST files in logs/cache/rocksdb/ dir, Total Num: 16, files: 000159.sst 000160.sst 000161.sst 000162.sst 000163.sst 000164.sst 000178.sst 000179.sst 000180.sst 
2021/12/27-09:25:39.370630 70000268b000 Write Ahead Log file in logs/cache/rocksdb: 000218.log size: 0 ; 
2021/12/27-09:25:39.370641 70000268b000                         Options.error_if_exists: 0
2021/12/27-09:25:39.370645 70000268b000                       Options.create_if_missing: 1
2021/12/27-09:25:39.370647 70000268b000                         Options.paranoid_checks: 1
2021/12/27-09:25:39.370648 70000268b000                                     Options.env: 0x121e567c0
2021/12/27-09:25:39.370650 70000268b000                                Options.info_log: 0x7f87a4347ea0
2021/12/27-09:25:39.370651 70000268b000                Options.max_file_opening_threads: 16
2021/12/27-09:25:39.370652 70000268b000                               Options.use_fsync: 0
2021/12/27-09:25:39.370654 70000268b000                       Options.max_log_file_size: 0
2021/12/27-09:25:39.370655 70000268b000                  Options.max_manifest_file_size: 18446744073709551615
2021/12/27-09:25:39.370657 70000268b000                   Options.log_file_time_to_roll: 0
2021/12/27-09:25:39.370658 70000268b000                       Options.keep_log_file_num: 1000
2021/12/27-09:25:39.370659 70000268b000                    Options.recycle_log_file_num: 0
2021/12/27-09:25:39.370661 70000268b000                         Options.allow_fallocate: 1
2021/12/27-09:25:39.370662 70000268b000                        Options.allow_mmap_reads: 0
2021/12/27-09:25:39.370663 70000268b000                       Options.allow_mmap_writes: 0
2021/12/27-09:25:39.370665 70000268b000                        Options.use_direct_reads: 0
2021/12/27-09:25:39.370666 70000268b000                        Options.use_direct_io_for_flush_and_compaction: 0
2021/12/27-09:25:39.370668 70000268b000          Options.create_missing_column_families: 1
2021/12/27-09:25:39.370669 70000268b000                              Options.db_log_dir: 
2021/12/27-09:25:39.370670 70000268b000                                 Options.wal_dir: logs/cache/rocksdb
2021/12/27-09:25:39.370672 70000268b000                Options.table_cache_numshardbits: 6
2021/12/27-09:25:39.370673 70000268b000                      Options.max_subcompactions: 1
2021/12/27-09:25:39.370674 70000268b000                  Options.max_background_flushes: 1
2021/12/27-09:25:39.370675 70000268b000                         Options.WAL_ttl_seconds: 0
2021/12/27-09:25:39.370677 70000268b000                       Options.WAL_size_limit_MB: 0
2021/12/27-09:25:39.370678 70000268b000             Options.manifest_preallocation_size: 4194304
2021/12/27-09:25:39.370679 70000268b000                     Options.is_fd_close_on_exec: 1
2021/12/27-09:25:39.370681 70000268b000                   Options.advise_random_on_open: 1
2021/12/27-09:25:39.370682 70000268b000                    Options.db_write_buffer_size: 67108864
2021/12/27-09:25:39.370683 70000268b000         Options.access_hint_on_compaction_start: 1
2021/12/27-09:25:39.370685 70000268b000  Options.new_table_reader_for_compaction_inputs: 1
2021/12/27-09:25:39.370686 70000268b000               Options.compaction_readahead_size: 0
2021/12/27-09:25:39.370687 70000268b000           Options.random_access_max_buffer_size: 1048576
2021/12/27-09:25:39.370689 70000268b000           Options.writable_file_max_buffer_size: 1048576
2021/12/27-09:25:39.370690 70000268b000                      Options.use_adaptive_mutex: 0
2021/12/27-09:25:39.370691 70000268b000                            Options.rate_limiter: 0x0
2021/12/27-09:25:39.370725 70000268b000     Options.sst_file_manager.rate_bytes_per_sec: 0
2021/12/27-09:25:39.370727 70000268b000                          Options.bytes_per_sync: 0
2021/12/27-09:25:39.370728 70000268b000                      Options.wal_bytes_per_sync: 0
2021/12/27-09:25:39.370729 70000268b000                       Options.wal_recovery_mode: 2
2021/12/27-09:25:39.370731 70000268b000                  Options.enable_thread_tracking: 0
2021/12/27-09:25:39.370732 70000268b000                  Options.enable_pipelined_write: 0
2021/12/27-09:25:39.370733 70000268b000         Options.allow_concurrent_memtable_write: 1
2021/12/27-09:25:39.370735 70000268b000      Options.enable_write_thread_adaptive_yield: 1
2021/12/27-09:25:39.370736 70000268b000             Options.write_thread_max_yield_usec: 100
2021/12/27-09:25:39.370738 70000268b000            Options.write_thread_slow_yield_usec: 3
2021/12/27-09:25:39.370739 70000268b000                               Options.row_cache: None
2021/12/27-09:25:39.370740 70000268b000                              Options.wal_filter: None
2021/12/27-09:25:39.370742 70000268b000             Options.avoid_flush_during_recovery: 0
2021/12/27-09:25:39.370743 70000268b000             Options.allow_ingest_behind: 0
2021/12/27-09:25:39.370744 70000268b000             Options.base_background_compactions: 1
2021/12/27-09:25:39.370746 70000268b000             Options.max_background_compactions: 4
2021/12/27-09:25:39.370747 70000268b000             Options.avoid_flush_during_shutdown: 0
2021/12/27-09:25:39.370748 70000268b000             Options.delayed_write_rate : 16777216
2021/12/27-09:25:39.370750 70000268b000             Options.max_total_wal_size: 0
2021/12/27-09:25:39.370751 70000268b000             Options.delete_obsolete_files_period_micros: 21600000000
2021/12/27-09:25:39.370753 70000268b000                   Options.stats_dump_period_sec: 600
2021/12/27-09:25:39.370754 70000268b000                          Options.max_open_files: -1
2021/12/27-09:25:39.370756 70000268b000 Compression algorithms supported:
2021/12/27-09:25:39.370757 70000268b000 	Snappy supported: 1
2021/12/27-09:25:39.370758 70000268b000 	Zlib supported: 1
2021/12/27-09:25:39.370759 70000268b000 	Bzip supported: 1
2021/12/27-09:25:39.370760 70000268b000 	LZ4 supported: 1
2021/12/27-09:25:39.370764 70000268b000 	ZSTD supported: 1
2021/12/27-09:25:39.370766 70000268b000 Fast CRC32 supported: 0
2021/12/27-09:25:39.371261 70000268b000 [db/version_set.cc:2633] Recovering from manifest file: MANIFEST-000217
2021/12/27-09:25:39.371351 70000268b000 [db/column_family.cc:414] --------------- Options for column family [default]:
2021/12/27-09:25:39.371355 70000268b000               Options.comparator: leveldb.BytewiseComparator
2021/12/27-09:25:39.371358 70000268b000           Options.merge_operator: None
2021/12/27-09:25:39.371359 70000268b000        Options.compaction_filter: None
2021/12/27-09:25:39.371362 70000268b000        Options.compaction_filter_factory: TtlCompactionFilterFactory
2021/12/27-09:25:39.371366 70000268b000         Options.memtable_factory: SkipListFactory
2021/12/27-09:25:39.371366 70000268b000            Options.table_factory: BlockBasedTable
2021/12/27-09:25:39.371383 70000268b000            table_factory options:   flush_block_policy_factory: FlushBlockBySizePolicyFactory (0x7f87a24e3920)
  cache_index_and_filter_blocks: 0
  cache_index_and_filter_blocks_with_high_priority: 0
  pin_l0_filter_and_index_blocks_in_cache: 0
  index_type: 0
  hash_index_allow_collision: 1
  checksum: 1
  no_block_cache: 0
  block_cache: 0x7f87a24e6c08
  block_cache_name: LRUCache
  block_cache_options:
    capacity : 8388608
    num_shard_bits : 4
    strict_capacity_limit : 0
    high_pri_pool_ratio: 0.000
  block_cache_compressed: 0x0
  persistent_cache: 0x0
  block_size: 4096
  block_size_deviation: 10
  block_restart_interval: 16
  index_block_restart_interval: 1
  filter_policy: nullptr
  whole_key_filtering: 1
  format_version: 2
2021/12/27-09:25:39.371386 70000268b000        Options.write_buffer_size: 67108864
2021/12/27-09:25:39.371413 70000268b000  Options.max_write_buffer_number: 2
2021/12/27-09:25:39.371415 70000268b000          Options.compression: Snappy
2021/12/27-09:25:39.371416 70000268b000                  Options.bottommost_compression: Disabled
2021/12/27-09:25:39.371417 70000268b000       Options.prefix_extractor: nullptr
2021/12/27-09:25:39.371417 70000268b000   Options.memtable_insert_with_hint_prefix_extractor: nullptr
2021/12/27-09:25:39.371418 70000268b000             Options.num_levels: 7
2021/12/27-09:25:39.371419 70000268b000        Options.min_write_buffer_number_to_merge: 1
2021/12/27-09:25:39.371420 70000268b000     Options.max_write_buffer_number_to_maintain: 0
2021/12/27-09:25:39.371421 70000268b000            Options.compression_opts.window_bits: -14
2021/12/27-09:25:39.371421 70000268b000                  Options.compression_opts.level: -1
2021/12/27-09:25:39.371422 70000268b000               Options.compression_opts.strategy: 0
2021/12/27-09:25:39.371423 70000268b000         Options.compression_opts.max_dict_bytes: 0
2021/12/27-09:25:39.371424 70000268b000      Options.level0_file_num_compaction_trigger: 4
2021/12/27-09:25:39.371424 70000268b000          Options.level0_slowdown_writes_trigger: 20
2021/12/27-09:25:39.371425 70000268b000              Options.level0_stop_writes_trigger: 36
2021/12/27-09:25:39.371426 70000268b000                   Options.target_file_size_base: 67108864
2021/12/27-09:25:39.371427 70000268b000             Options.target_file_size_multiplier: 1
2021/12/27-09:25:39.371428 70000268b000                Options.max_bytes_for_level_base: 268435456
2021/12/27-09:25:39.371428 70000268b000 Options.level_compaction_dynamic_level_bytes: 0
2021/12/27-09:25:39.371429 70000268b000          Options.max_bytes_for_level_multiplier: 10.000000
2021/12/27-09:25:39.371431 70000268b000 Options.max_bytes_for_level_multiplier_addtl[0]: 1
2021/12/27-09:25:39.371432 70000268b000 Options.max_bytes_for_level_multiplier_addtl[1]: 1
2021/12/27-09:25:39.371433 70000268b000 Options.max_bytes_for_level_multiplier_addtl[2]: 1
2021/12/27-09:25:39.371433 70000268b000 Options.max_bytes_for_level_multiplier_addtl[3]: 1
2021/12/27-09:25:39.371434 70000268b000 Options.max_bytes_for_level_multiplier_addtl[4]: 1
2021/12/27-09:25:39.371435 70000268b000 Options.max_bytes_for_level_multiplier_addtl[5]: 1
2021/12/27-09:25:39.371436 70000268b000 Options.max_bytes_for_level_multiplier_addtl[6]: 1
2021/12/27-09:25:39.371436 70000268b000       Options.max_sequential_skip_in_iterations: 8
2021/12/27-09:25:39.371437 70000268b000                    Options.max_compaction_bytes: 1677721600
2021/12/27-09:25:39.371438 70000268b000                        Options.arena_block_size: 8388608
2021/12/27-09:25:39.371439 70000268b000   Options.soft_pending_compaction_bytes_limit: 68719476736
2021/12/27-09:25:39.371440 70000268b000   Options.hard_pending_compaction_bytes_limit: 274877906944
2021/12/27-09:25:39.371440 70000268b000       Options.rate_limit_delay_max_milliseconds: 100
2021/12/27-09:25:39.371441 70000268b000                Options.disable_auto_compactions: 0
2021/12/27-09:25:39.371443 70000268b000                        Options.compaction_style: kCompactionStyleLevel
2021/12/27-09:25:39.371444 70000268b000                          Options.compaction_pri: kByCompensatedSize
2021/12/27-09:25:39.371444 70000268b000 Options.compaction_options_universal.size_ratio: 1
2021/12/27-09:25:39.371445 70000268b000 Options.compaction_options_universal.min_merge_width: 2
2021/12/27-09:25:39.371446 70000268b000 Options.compaction_options_universal.max_merge_width: 4294967295
2021/12/27-09:25:39.371447 70000268b000 Options.compaction_options_universal.max_size_amplification_percent: 200
2021/12/27-09:25:39.371447 70000268b000 Options.compaction_options_universal.compression_size_percent: -1
2021/12/27-09:25:39.371448 70000268b000 Options.compaction_options_universal.stop_style: kCompactionStopStyleTotalSize
2021/12/27-09:25:39.371449 70000268b000 Options.compaction_options_fifo.max_table_files_size: 1073741824
2021/12/27-09:25:39.371463 70000268b000 Options.compaction_options_fifo.allow_compaction: 0
2021/12/27-09:25:39.371464 70000268b000                   Options.table_properties_collectors: 
2021/12/27-09:25:39.371464 70000268b000                   Options.inplace_update_support: 0
2021/12/27-09:25:39.371465 70000268b000                 Options.inplace_update_num_locks: 10000
2021/12/27-09:25:39.371466 70000268b000               Options.memtable_prefix_bloom_size_ratio: 0.000000
2021/12/27-09:25:39.371467 70000268b000   Options.memtable_huge_page_size: 0
2021/12/27-09:25:39.371468 70000268b000                           Options.bloom_locality: 0
2021/12/27-09:25:39.371468 70000268b000                    Options.max_successive_merges: 0
2021/12/27-09:25:39.371469 70000268b000                Options.optimize_filters_for_hits: 0
2021/12/27-09:25:39.371470 70000268b000                Options.paranoid_file_checks: 0
2021/12/27-09:25:39.371471 70000268b000                Options.force_consistency_checks: 0
2021/12/27-09:25:39.371471 70000268b000                Options.report_bg_io_stats: 0
2021/12/27-09:25:39.371822 70000268b000 [db/column_family.cc:414] --------------- Options for column family [log]:
2021/12/27-09:25:39.371826 70000268b000               Options.comparator: leveldb.BytewiseComparator
2021/12/27-09:25:39.371827 70000268b000           Options.merge_operator: None
2021/12/27-09:25:39.371828 70000268b000        Options.compaction_filter: None
2021/12/27-09:25:39.371829 70000268b000        Options.compaction_filter_factory: TtlCompactionFilterFactory
2021/12/27-09:25:39.371830 70000268b000         Options.memtable_factory: SkipListFactory
2021/12/27-09:25:39.371831 70000268b000            Options.table_factory: BlockBasedTable
2021/12/27-09:25:39.371843 70000268b000            table_factory options:   flush_block_policy_factory: FlushBlockBySizePolicyFactory (0x7f87a2624350)
  cache_index_and_filter_blocks: 0
  cache_index_and_filter_blocks_with_high_priority: 0
  pin_l0_filter_and_index_blocks_in_cache: 0
  index_type: 0
  hash_index_allow_collision: 1
  checksum: 1
  no_block_cache: 0
  block_cache: 0x7f87a2624e78
  block_cache_name: LRUCache
  block_cache_options:
    capacity : 8388608
    num_shard_bits : 4
    strict_capacity_limit : 0
    high_pri_pool_ratio: 0.000
  block_cache_compressed: 0x0
  persistent_cache: 0x0
  block_size: 4096
  block_size_deviation: 10
  block_restart_interval: 16
  index_block_restart_interval: 1
  filter_policy: nullptr
  whole_key_filtering: 1
  format_version: 2
2021/12/27-09:25:39.371845 70000268b000        Options.write_buffer_size: 67108864
2021/12/27-09:25:39.371846 70000268b000  Options.max_write_buffer_number: 10
2021/12/27-09:25:39.371847 70000268b000          Options.compression: LZ4
2021/12/27-09:25:39.371848 70000268b000                  Options.bottommost_compression: Disabled
2021/12/27-09:25:39.371848 70000268b000       Options.prefix_extractor: nullptr
2021/12/27-09:25:39.371849 70000268b000   Options.memtable_insert_with_hint_prefix_extractor: nullptr
2021/12/27-09:25:39.371850 70000268b000             Options.num_levels: 7
2021/12/27-09:25:39.371851 70000268b000        Options.min_write_buffer_number_to_merge: 4
2021/12/27-09:25:39.371852 70000268b000     Options.max_write_buffer_number_to_maintain: 0
2021/12/27-09:25:39.371852 70000268b000            Options.compression_opts.window_bits: -14
2021/12/27-09:25:39.371853 70000268b000                  Options.compression_opts.level: -1
2021/12/27-09:25:39.371854 70000268b000               Options.compression_opts.strategy: 0
2021/12/27-09:25:39.371855 70000268b000         Options.compression_opts.max_dict_bytes: 0
2021/12/27-09:25:39.371856 70000268b000      Options.level0_file_num_compaction_trigger: 8
2021/12/27-09:25:39.371856 70000268b000          Options.level0_slowdown_writes_trigger: 17
2021/12/27-09:25:39.371857 70000268b000              Options.level0_stop_writes_trigger: 24
2021/12/27-09:25:39.371858 70000268b000                   Options.target_file_size_base: 33554432
2021/12/27-09:25:39.371859 70000268b000             Options.target_file_size_multiplier: 1
2021/12/27-09:25:39.371881 70000268b000                Options.max_bytes_for_level_base: 67108864
2021/12/27-09:25:39.371883 70000268b000 Options.level_compaction_dynamic_level_bytes: 0
2021/12/27-09:25:39.371883 70000268b000          Options.max_bytes_for_level_multiplier: 8.000000
2021/12/27-09:25:39.371885 70000268b000 Options.max_bytes_for_level_multiplier_addtl[0]: 1
2021/12/27-09:25:39.371886 70000268b000 Options.max_bytes_for_level_multiplier_addtl[1]: 1
2021/12/27-09:25:39.371887 70000268b000 Options.max_bytes_for_level_multiplier_addtl[2]: 1
2021/12/27-09:25:39.371887 70000268b000 Options.max_bytes_for_level_multiplier_addtl[3]: 1
2021/12/27-09:25:39.371888 70000268b000 Options.max_bytes_for_level_multiplier_addtl[4]: 1
2021/12/27-09:25:39.371889 70000268b000 Options.max_bytes_for_level_multiplier_addtl[5]: 1
2021/12/27-09:25:39.371890 70000268b000 Options.max_bytes_for_level_multiplier_addtl[6]: 1
2021/12/27-09:25:39.371890 70000268b000       Options.max_sequential_skip_in_iterations: 8
2021/12/27-09:25:39.371891 70000268b000                    Options.max_compaction_bytes: 838860800
2021/12/27-09:25:39.371892 70000268b000                        Options.arena_block_size: 8388608
2021/12/27-09:25:39.371893 70000268b000   Options.soft_pending_compaction_bytes_limit: 68719476736
2021/12/27-09:25:39.371894 70000268b000   Options.hard_pending_compaction_bytes_limit: 274877906944
2021/12/27-09:25:39.371894 70000268b000       Options.rate_limit_delay_max_milliseconds: 100
2021/12/27-09:25:39.371895 70000268b000                Options.disable_auto_compactions: 0
2021/12/27-09:25:39.371896 70000268b000                        Options.compaction_style: kCompactionStyleLevel
2021/12/27-09:25:39.371897 70000268b000                          Options.compaction_pri: kByCompensatedSize
2021/12/27-09:25:39.371898 70000268b000 Options.compaction_options_universal.size_ratio: 1
2021/12/27-09:25:39.371899 70000268b000 Options.compaction_options_universal.min_merge_width: 2
2021/12/27-09:25:39.371899 70000268b000 Options.compaction_options_universal.max_merge_width: 4294967295
2021/12/27-09:25:39.371900 70000268b000 Options.compaction_options_universal.max_size_amplification_percent: 200
2021/12/27-09:25:39.371901 70000268b000 Options.compaction_options_universal.compression_size_percent: -1
2021/12/27-09:25:39.371902 70000268b000 Options.compaction_options_universal.stop_style: kCompactionStopStyleTotalSize
2021/12/27-09:25:39.371903 70000268b000 Options.compaction_options_fifo.max_table_files_size: 1073741824
2021/12/27-09:25:39.371904 70000268b000 Options.compaction_options_fifo.allow_compaction: 0
2021/12/27-09:25:39.371905 70000268b000                   Options.table_properties_collectors: 
2021/12/27-09:25:39.371905 70000268b000                   Options.inplace_update_support: 0
2021/12/27-09:25:39.371906 70000268b000                 Options.inplace_update_num_locks: 10000
2021/12/27-09:25:39.371907 70000268b000               Options.memtable_prefix_bloom_size_ratio: 0.000000
2021/12/27-09:25:39.371908 70000268b000   Options.memtable_huge_page_size: 0
2021/12/27-09:25:39.371908 70000268b000                           Options.bloom_locality: 0
2021/12/27-09:25:39.371909 70000268b000                    Options.max_successive_merges: 0
2021/12/27-09:25:39.371910 70000268b000                Options.optimize_filters_for_hits: 0
2021/12/27-09:25:39.371911 70000268b000                Options.paranoid_file_checks: 0
2021/12/27-09:25:39.371911 70000268b000                Options.force_consistency_checks: 0
2021/12/27-09:25:39.371912 70000268b000                Options.report_bg_io_stats: 0
2021/12/27-09:25:39.381872 70000268b000 [db/version_set.cc:2884] Recovered from manifest file:logs/cache/rocksdb//MANIFEST-000217 succeeded,manifest_file_number is 217, next_file_number is 223, last_sequence is 6728680, log_number is 0,prev_log_number is 0,max_column_family is 1
2021/12/27-09:25:39.381884 70000268b000 [db/version_set.cc:2892] Column family [default] (ID 0), log number is 213
2021/12/27-09:25:39.381947 70000268b000 [db/version_set.cc:2892] Column family [log] (ID 1), log number is 218
2021/12/27-09:25:39.382589 70000268b000 EVENT_LOG_v1 {"time_micros": 1640568339382550, "job": 1, "event": "recovery_started", "log_files": [218]}
2021/12/27-09:25:39.382615 70000268b000 [db/db_impl_open.cc:486] Recovering log #218 mode 2
2021/12/27-09:25:39.382799 70000268b000 [db/version_set.cc:2419] Creating manifest 223
2021/12/27-09:25:39.385286 70000268b000 EVENT_LOG_v1 {"time_micros": 1640568339385280, "job": 1, "event": "recovery_finished"}
2021/12/27-09:25:39.385969 70000268b000 [DEBUG] [db/db_impl_files.cc:309] [JOB 2] Delete logs/cache/rocksdb//MANIFEST-000217 type=3 #217 -- OK
2021/12/27-09:25:39.386026 70000268b000 [DEBUG] [db/db_impl_files.cc:309] [JOB 2] Delete logs/cache/rocksdb/000218.log type=0 #218 -- OK
2021/12/27-09:25:39.386049 70000268b000 [db/db_impl_files.cc:316] [JOB 2] Tried to delete a non-existing file logs/cache/rocksdb///MANIFEST-000217 type=3 #217 -- IO error: logs/cache/rocksdb///MANIFEST-000217: No such file or directory
2021/12/27-09:25:39.386074 70000268b000 [db/db_impl_files.cc:316] [JOB 2] Tried to delete a non-existing file logs/cache/rocksdb//000218.log type=0 #218 -- IO error: logs/cache/rocksdb//000218.log: No such file or directory
2021/12/27-09:25:39.389142 70000268b000 [db/db_impl_open.cc:1069] DB pointer 0x7f87a301ae00
